1	0	249250621	region
2	0	243199373	region
3	0	198022430	region
4	0	191154276	region
5	0	180915260	region
6	0	171115067	region
7	0	159138663	region
X	0	155270560	region
8	0	146364022	region
9	0	141213431	region
10	0	135534747	region
11	0	135006516	region
12	0	133851895	region
13	0	115169878	region
14	0	107349540	region
15	0	102531392	region
16	0	90354753	region
17	0	81195210	region
18	0	78077248	region
20	0	63025520	region
19	0	59128983	region
22	0	51304566	region
21	0	48129895	region
1	0	10000	GAP
1	177417	227417	GAP
1	267719	317719	GAP
1	471368	521368	GAP
1	566369	711367	GAP
1	2634220	2684220	GAP
1	3845268	3995268	GAP
1	13052998	13102998	GAP
1	13219912	13319912	GAP
1	13557162	13607162	GAP
1	16800000	17300000	GAP
1	29878082	30028082	GAP
1	31904476	31905227	GAP
1	103863906	103913906	GAP
1	120697156	120747156	GAP
1	120936695	121086695	GAP
1	121279009	145400000	GAP
1	145810000	146500000	GAP
1	147410000	149780000	GAP
1	161410119	161443588	GAP
1	205922707	206072707	GAP
1	206332221	206482221	GAP
1	214856327	214857425	GAP
1	223747846	223797846	GAP
1	235192211	235242211	GAP
1	236260291	236260840	GAP
1	236876713	236878918	GAP
1	240348191	240348567	GAP
1	248908210	249058210	GAP
1	249240621	249250621	GAP
10	0	10000	GAP
10	10000	60000	GAP
10	17974675	18024675	GAP
10	38737771	42827879	GAP
10	46050000	49630000	GAP
10	51137410	51187410	GAP
10	51398845	51448845	GAP
10	125869472	125919472	GAP
10	127572494	127617633	GAP
10	128616069	128766069	GAP
10	130262539	130262990	GAP
10	133381404	133431404	GAP
10	133677527	133727527	GAP
10	135499800	135501788	GAP
10	135524747	135534747	GAP
11	0	10000	GAP
11	10000	60000	GAP
11	1162759	1212759	GAP
11	48811136	48818912	GAP
11	48946013	48966124	GAP
11	50783853	50833853	GAP
11	50833853	51040853	GAP
11	51040853	51090853	GAP
11	51556191	55047539	GAP
11	69089801	69139801	GAP
11	69724695	69774695	GAP
11	87688378	87738378	GAP
11	96287584	96437584	GAP
11	134946516	134996516	GAP
11	134996516	135006516	GAP
12	0	192498	GAP
12	2364738	2365640	GAP
12	7189876	7239876	GAP
12	34746725	38359985	GAP
12	109373470	109423470	GAP
12	122530623	122580623	GAP
12	132706992	132806992	GAP
12	133841895	133851895	GAP
13	0	10000	GAP
13	10000	16000000	GAP
13	16000000	19000000	GAP
13	19000000	19020000	GAP
13	86760324	86910324	GAP
13	112353994	112503994	GAP
13	114325993	114425993	GAP
13	114639948	114739948	GAP
13	115109878	115159878	GAP
13	115159878	115169878	GAP
14	0	10000	GAP
14	10000	16000000	GAP
14	16000000	19138698	GAP
14	105696013	105707808	GAP
14	107289540	107339540	GAP
14	107339540	107349540	GAP
15	0	10000	GAP
15	10000	17000000	GAP
15	17000000	20104299	GAP
15	20894633	20935075	GAP
15	21398819	21885000	GAP
15	22212114	22262114	GAP
15	22596193	22646193	GAP
15	23514853	23564853	GAP
15	29159443	29209443	GAP
15	82829645	82879645	GAP
15	84984473	85034473	GAP
15	102521392	102531392	GAP
16	0	10000	GAP
16	10000	60000	GAP
16	8636921	8686921	GAP
16	32090000	46517603	GAP
16	88389383	88439383	GAP
16	90294753	90344753	GAP
16	90344753	90354753	GAP
17	296626	396626	GAP
17	21566608	21666608	GAP
17	22217438	25372007	GAP
17	34675848	34725848	GAP
17	36268343	36419072	GAP
17	41381231	41383585	GAP
17	41399096	41401699	GAP
17	62410760	62460760	GAP
17	77546461	77596461	GAP
17	79709049	79759049	GAP
18	0	10000	GAP
18	104226	116070	GAP
18	15168173	18531618	GAP
18	52059136	52209136	GAP
18	72283353	72333353	GAP
18	75721820	75771820	GAP
18	77378074	77381326	GAP
18	78017248	78067248	GAP
18	78067248	78077248	GAP
19	0	250000	GAP
19	7346004	7396004	GAP
19	8687198	8737198	GAP
19	20523415	20573415	GAP
19	24443362	28016215	GAP
19	44960684	44964399	GAP
19	59118983	59128983	GAP
2	0	10000	GAP
2	3529312	3579312	GAP
2	5018788	5118788	GAP
2	16279724	16329724	GAP
2	21153113	21178113	GAP
2	89630436	95326171	GAP
2	109815701	109816450	GAP
2	110109337	110251337	GAP
2	132761818	132823587	GAP
2	132995014	133029145	GAP
2	149690582	149790582	GAP
2	162134388	162139834	GAP
2	234003741	234053741	GAP
2	239801978	239831978	GAP
2	240784132	240809132	GAP
2	243102476	243152476	GAP
2	243189373	243199373	GAP
20	0	10000	GAP
20	10000	60000	GAP
20	1281633	1284591	GAP
20	25671874	29932059	GAP
20	34897085	34947085	GAP
20	46523048	46527711	GAP
20	47131190	47134007	GAP
20	61091437	61141437	GAP
20	61213369	61263369	GAP
20	62965520	63015520	GAP
20	63015520	63025520	GAP
21	0	14708780	GAP
21	42955559	43005559	GAP
21	44632664	44682664	GAP
21	48119895	48129895	GAP
22	0	17438209	GAP
22	20509431	20609431	GAP
22	39040119	39040996	GAP
22	50364777	50414777	GAP
22	51244566	51294566	GAP
22	51294566	51304566	GAP
3	0	10000	GAP
3	10000	60000	GAP
3	66170270	66270270	GAP
3	90218387	93585461	GAP
3	194041961	194047251	GAP
3	195339301	195462575	GAP
3	196625567	196625864	GAP
3	197825146	197833172	GAP
3	197962430	198012430	GAP
3	198012430	198022430	GAP
4	0	70000	GAP
4	1423146	1478646	GAP
4	8799203	8818203	GAP
4	9274642	9324642	GAP
4	31820917	31837417	GAP
4	32834638	32840638	GAP
4	40296396	40297096	GAP
4	49073953	52698454	GAP
4	59739333	59789333	GAP
4	68263454	68267611	GAP
4	75427379	75452279	GAP
4	182160322	182163503	GAP
4	190153683	190157912	GAP
4	190802154	190802977	GAP
4	191044276	191144276	GAP
4	191144276	191154276	GAP
5	0	20000	GAP
5	3659916	3660599	GAP
5	17530657	17580657	GAP
5	21475858	21575368	GAP
5	46272097	49609428	GAP
5	91636128	91686128	GAP
5	138787073	138837073	GAP
5	155138727	155188727	GAP
5	180905260	180915260	GAP
6	0	10000	GAP
6	10000	60000	GAP
6	57360923	57634891	GAP
6	58087659	58137659	GAP
6	58717061	62017366	GAP
6	62128589	62178589	GAP
6	95680543	95830543	GAP
6	157559467	157609467	GAP
6	157641300	157691300	GAP
6	167942073	168042073	GAP
6	170279972	170329972	GAP
6	171055067	171105067	GAP
6	171105067	171115067	GAP
7	0	10000	GAP
7	232484	282484	GAP
7	50370631	50410631	GAP
7	57540148	62231715	GAP
7	64950862	64977166	GAP
7	74715724	74765724	GAP
7	100556043	100606043	GAP
7	130154523	130254523	GAP
7	139379377	139404377	GAP
7	142042548	142098195	GAP
7	142276197	142326197	GAP
7	143211086	143597849	GAP
7	152070183	152119627	GAP
7	154270634	154370634	GAP
7	157879188	157884694	GAP
7	157938488	157944583	GAP
7	159128663	159138663	GAP
8	0	10000	GAP
8	7474649	7524649	GAP
8	12091854	12141854	GAP
8	43092130	43095936	GAP
8	43685002	47022102	GAP
8	48130499	48135599	GAP
8	86553992	86841028	GAP
8	142766515	142816515	GAP
8	144751532	144751987	GAP
8	145332588	145432588	GAP
8	146304022	146354022	GAP
8	146354022	146364022	GAP
9	0	10000	GAP
9	39663686	39713686	GAP
9	39974796	40024796	GAP
9	40233029	40283029	GAP
9	40425834	40475834	GAP
9	40940341	40990341	GAP
9	41143214	41193214	GAP
9	41365793	41415793	GAP
9	42613955	42663955	GAP
9	43213698	43313698	GAP
9	43946569	43996569	GAP
9	44607868	70980920	GAP
9	92343416	92443416	GAP
9	92528796	92678796	GAP
9	133073060	133223060	GAP
9	137041193	137091193	GAP
9	139166997	139216997	GAP
9	141153431	141203431	GAP
9	141203431	141213431	GAP
X	0	290000	GAP
X	487841	489588	GAP
X	1047557	1097557	GAP
X	1134113	1184113	GAP
X	1264234	1314234	GAP
X	2068238	2118238	GAP
X	7623882	7673882	GAP
X	10738674	10788674	GAP
X	37098256	37148256	GAP
X	49242997	49292997	GAP
X	49974173	50024173	GAP
X	52395914	52445914	GAP
X	58286550	62151727	GAP
X	76653692	76703692	GAP
X	113517668	113567668	GAP
X	115682290	115732290	GAP
X	120013235	120063235	GAP
X	143507324	143557324	GAP
X	148906424	148956424	GAP
X	149032062	149082062	GAP
X	152277099	152327099	GAP
X	155260560	155270560	GAP
